Flappy Bird Scores for Reflex agent (V3)
74
633
37
139
389
211
168
93
81
185
291
581
339
136
86
16
186
361
83
322
442
441
617
16
197
346
81
125
405
571
87
75
167
126
166
21
43
274
87
89
997
193
337
380
138
718
599
161
235
19
524
303
435
583
533
221
816
123
74
38
61
162
88
360
241
1052
277
349
23
108
125
211
157
243
502
811
123
288
88
94
359
45
1315
273
515
66
81
179
68
48
682
87
391
189
447
1
157
162
645
433
