35
747
596
107
167
383
163
107
44
55
704
803
599
542
211
767
411
19
11
411
524
69
731
281
104
285
359
418
111
885
9
71
18
84
1388
651
154
1093
95
581
1172
167
15
779
119
476
1
23
277
191
323
1003
341
487
165
21
41
309
628
11
152
1607
228
401
107
47
17
28
179
323
93
287
51
1
335
743
323
128
37
35
66
1014
707
647
47
239
483
41
143
521
382
251
1107
336
333
92
348
28
53
265
81
96
256
179
23
23
75
323
99
558
205
383
512
119
155
325
269
501
309
56
172
1
392
102
59
33
291
359
155
207
108
807
191
1403
549
83
194
305
39
2
47
1
81
103
731
156
109
203
308
71
623
227
985
142
129
591
451
36
353
1
407
60
287
18
471
221
359
359
42
95
29
63
59
183
83
59
162
71
71
309
54
107
347
9
340
228
664
179
307
5
10
58
299
59
78
191
626
434
275
951
59
257
9
111
285
347
647
107
439
275
28
245
96
372
25
589
281
269
499
399
143
271
851
419
147
315
12
155
503
3
383
167
422
394
63
286
563
154
170
323
467
1
100
323
91
1084
175
1364
1
33
165
47
726
167
878
347
147
11
491
107
288
701
48
202
263
75
155
551
117
23
702
155
758
1027
605
264
419
359
323
253
172
48
49
215
733
455
129
348
705
22
35
467
143
95
1439
47
355
203
61
45
89
113
95
179
408
288
209
465
947
381
143
551
291
424
443
253
240
680
16
119
1007
57
385
23
156
109
156
170
83
313
95
189
552
239
235
827
268
136
452
117
219
579
134
109
205
635
827
563
228
83
662
177
300
42
12
161
367
107
33
983
33
518
326
99
863
675
300
181
705
47
359
178
455
48
134
468
430
155
59
216
275
470
1411
323
312
40
912
403
899
529
599
119
193
333
237
107
142
277
312
117
420
419
67
40
955
123
542
719
1113
485
25
27
935
196
180
34
155
479
47
4
32
445
174
599
167
18
191
377
444
193
638
363
275
154
22
71
143
71
371
815
223
31
133
638
132
98
251
153
58
436
353
205
239
347
713
125
83
268
417
173
59
41
47
1
35
75
287
25
119
59
100
10
1307
1475
215
286
31
167
215
420
615
880
215
203
11
164
303
47
119
359
455
287
168
789
479
262
704
203
423
851
321
35
23
14
517
477
487
11
115
165
1139
1293
263
47
203
190
470
11
509
179
693
503
640
251
188
59
54
720
335
104
239
60
155
287
629
85
167
539
459
60
655
211
11
467
139
818
35
408
42
84
13
71
73
447
402
258
395
947
3
347
159
11
44
150
36
1236
169
1315
83
623
215
62
603
299
780
47
910
45
250
131
119
55
1253
71
431
65
1216
395
52
117
483
515
35
284
500
1691
30
142
300
467
767
385
143
35
144
47
107
408
252
245
71
275
731
6
71
243
121
228
311
515
620
97
50
336
561
311
359
455
311
258
53
35
843
136
522
156
152
599
54
39
55
231
52
83
300
203
275
578
323
203
89
51
600
149
331
59
291
233
331
640
217
114
23
197
290
179
3
899
213
680
119
31
557
485
23
625
318
425
347
79
335
587
159
646
59
523
95
313
315
336
1
366
395
842
95
30
161
11
269
312
1
132
313
43
334
385
156
4
59
2147
23
980
605
11
38
484
300
243
94
1
679
116
381
114
150
184
305
819
155
149
45
355
23
365
743
720
235
193
923
104
286
287
989
34
23
311
15
52
600
34
336
217
535
223
1079
1175
191
767
420
59
476
301
365
321
47
251
443
1
96
369
55
13
360
47
221
106
608
771
184
119
1
45
256
57
516
191
243
114
23
227
215
73
719
323
551
383
7
103
71
363
371
33
234
141
175
659
1175
97
131
278
407
37
396
252
323
95
135
91
123
635
131
21
131
203
563
2499
569
227
270
47
395
191
59
95
203
959
732
124
247
189
785
359
197
341
663
627
119
59
307
11
23
182
251
40
2
209
131
405
35
287
172
227
215
77
347
23
47
24
12
267
284
107
191
326
15
107
55
659
95
97
579
50
227
707
17
119
9
455
13
1
228
443
161
179
353
431
446
241
85
139
58
339
258
55
5
227
25
59
23
239
375
371
23
23
683
186
17
47
11
85
107
239
340
59
147
423
259
108
35
335
67
157
203
403
229
155
47
11
300
225
11
36
212
407
216
108
491
433
419
179
251
35
1660
1223
47
983
752
1160
95
189
300
258
23
553
7
47
132
39
235
521
203
239
17
83
479
728
179
55
1
187
587
219
18
455
134
347
167
35
391
572
422
879
251
226
175
71
242
683
287
97
